[
    {
        "d_loss": 0.42266345024108887,
        "gpt_loss": 1.3346214294433594,
        "epoch": 1,
        "iteration": 3,
        "elapsed_time": 10.288504790980369
    },
    {
        "d_loss": 0.00019371623056940734,
        "gpt_loss": 1.0292634963989258,
        "epoch": 2,
        "iteration": 5,
        "elapsed_time": 15.67393027478829
    }
]